((("mesmo" .
   [1 0 0 0 0])
  ("inteir" .
   [0 0 0 0 0 1])
  ("tempo" .
   [1 0 0 0 0])
  ("História" .
   [0 0 1 0 0 0 0 0])
  ("apertando" .
   [0 0 0 0 0 0 0 1 0])
  ("melhor" .
   [1 0 0 0 0 0])
  ("Melhor" .
   [0 0 0 1 1 1])
  ("Também" .
   [0 0 0 1 0 0])
  ("também" .
   [1 0 0 0 0 0])
  ("fica" .
   [1 0 0 0])
  ("caras" .
   [0 0 0 0 1])
  ("três" .
   [0 0 0 1])
  ("deu" .
   [0 0 1])
  ("menos" .
   [0 0 0 0 1])
  ("aqui" .
   [1 0 0 0])
  ("porém" .
   [0 0 0 1 0])
  ("frequência" .
   [0 0 0 0 1 0 0 0 0 0])
  ("muita" .
   [1 0 0 0 0])
  ("MUITO" .
   [0 0 0 0 1])
  ("com" .
   [1 0 0])
  ("usei" .
   [0 0 0 1])
  ("não" .
   [0 0 1])
  ("Nada" .
   [1 0 0 0])
  ("palavra" .
   [0 0 0 0 0 0 1])
  ("algumas" .
   [1 0 0 0 0 0 0])
  ("Tem" .
   [1 0 0])
  ("inteiro" .
   [2 0 0 0 0 0 0])
  ("internas" .
   [0 0 0 0 1 0 1 0])
  ("apertei" .
   [0 0 0 0 1 0 0])
  ("ficar" .
   [2 0 0 0 0])
  ("precis" .
   [0 0 0 0 0 1])
  ("rápida" .
   [0 0 0 0 0 1])
  ("mais" .
   [1 0 1 0])
  ("escrever" .
   [1 0 0 0 0 0 0 0])
  ("escrito" .
   [0 0 0 0 1 0 0])
  ("escuta" .
   [0 0 0 1 0 0])
  ("dentro" .
   [1 0 0 0 0 0])
  ("autocomplete" .
   [0 0 0 0 1 0 0 0 0 0 0 0])
  ("pensam" .
   [0 0 0 0 0 1])
  ("Pena" .
   [0 0 0 1])
  ("como" .
   [1 0 0 0])))
